500
2600
2800
200
2200
505
1235
1930
0
100
1435
100
800
100
405
100
3405
100
0
4300
3005
100
100
4300
0
1350
100
900
3505
2100
0
1205
1405
3900
1800
1800
100
2800
725
2450
100
3105
2455
4200
800
0
1205
1200
2860
2705
100
1125
100
25
4105
100
100
100
0
225
1105
100
600
0
200
25
0
1425
0
940
3825
100
3700
2660
100
3055
830
225
1050
100
500
4100
200
3850
1655
1930
100
100
325
100
100
100
2460
3430
3335
2850
2500
100
3025
1400
0
330
2255
5
100
2400
3490
0
1055
1400
0
100
3525
100
2700
3405
100
5
0
100
600
100
1235
325
100
100
100
100
1400
5
1900
100
100
3400
700
3800
0
100
3700
25
100
2005
825
3855
0
100
0
4230
1800
2905
2160
100
3415
510
200
1830
0
4015
100
1845
2425
2200
100
0
4500
1900
1305
100
100
2650
3700
3245
1105
0
300
1130
1100
4300
3285
0
1630
2030
3505
500
100
1200
100
100
100
100
2905
2400
0
1005
400
0
1900
100
100
100
100
4100
3200
100
2400
505
0
2880
1330
3320
2015
4100
2305
725
100
2510
1545
2905
100
1435
1100
4200
100
630
830
100
2060
1105
3935
100
525
100
100
100
0
2000
100
100
530
2525
850
0
0
1935
2225
100
0
0
550
2400
0
0
3600
1505
100
1950
100
4030
2105
3400
0
1535
2105
2700
1925
1560
1000
2100
405
3550
2700
100
200
0
1500
600
2025
1700
2625
1205
200
2830
0
2425
2805
900
2000
100
100
4000
100
3025
3110
2000
100
1700
3000
5
2400
100
3110
3425
425
0
100
100
1680
2000
0
800
3900
905
3000
100
2530
100
100
5
3825
1500
3540
1000
100
100
3040
0
2800
100
1125
0
0
2230
100
2900
2775
1360
0
2575
1000
0
825
800
0
2700
2830
405
0
1800
1225
0
100
0
1625
3110
3500
2605
1150
100
4100
100
300
525
300
0
3900
100
1100
5
100
600
100
2405
2700
3125
0
3035
2205
2625
800
2000
700
100
1400
3245
4225
100
705
3100
1100
425
0
0
1200
1600
825
100
100
100
300
2335
2210
100
1900
25
0
1130
0
2900
0
0
0
0
1405
100
100
3140
100
1825
1800
100
825
305
0
0
0
0
1125
0
3135
3040
4400
4000
100
0
100
1600
1400
1700
0
900
0
2380
25
1730
500
2005
0
830
3465
1310
4000
25
0
2290
100
4100
1130
3200
1500
2160
200
410
100
100
1600
200
605
2400
2155
3705
2780
100
950
805
3855
1905
100
1630
505
3125
2005
100
100
1210
0
1405
200
3800
3605
2800
705
100
0
3410
1025
200
0
1600
2555
525
100
2650
2000
1500
3400
1535
100
0
100
3315
3655
1700
0
3310
2005
730
200
5
3030
2005
1105
1500
100
0
1330
0
100
100
3115
0
900
2025
100
1830
100
525
1125
0
2900
100
1270
1505
1050
0
305
100
0
25
1000
2400
1915
25
2825
3755
100
0
2630
0
4200
1810
2075
4150
4200
100
1400
1300
1025
100
1775
1000
3200
1235
0
700
1000
1400
0
1130
700
2475
100
3135
210
100
2200
1200
2305
3310
0
100
825
800
4200
5
3630
1500
2200
1100
2410
200
3825
100
2360
0
2180
3605
4000
1100
0
300
3900
1255
0
305
600
600
830
2930
3725
2930
2755
2160
910
0
3430
225
100
100
0
100
700
100
700
2705
0
0
3925
0
200
3400
1730
0
3950
2785
0
1700
3200
700
100
3155
100
100
100
200
2260
200
1900
3810
2975
3000
100
400
2525
3200
100
3735
0
0
400
225
3030
5
100
0
1100
3000
1910
3300
1905
100
3900
0
2500
2600
4005
0
4100
425
3730
2100
0
300
2335
3130
25
900
2600
100
2505
2000
3525
2935
1300
2655
0
600
1350
3450
4005
2925
725
0
1300
1100
2840
2905
400
2530
0
600
3800
100
2030
0
700
0
100
3325
0
100
25
2050
0
1205
1700
100
100
100
3850
4300
0
5
0
2865
25
100
800
1330
710
3485
2255
900
100
4255
600
2205
3400
800
0
0
500
200
2715
3330
2980
0
300
700
4000
500
1725
1005
100
1650
2300
0
3300
1505
0
200
500
100
100
3480
300
5
2135
300
2755
100
400
2300
1250
100
4000
2500
0
0
1750
2000
1005
2100
2090
1550
1225
900
0
3200
0
1725
405
100
2875
2730
2340
0
300
2600
100
100
2225
3800
0
2700
925
3800
2065
825
100
2525
1200
3405
2935
25
400
2315
325
1800
4500
3730
100
100
3415
100
2630
100
100
425
2755
25
305
2890
100
100
25
2455
3700
0
100
100
100
100
1500
3700
100
905
1800
3290
0
100
600
3365
100
2900
1900
2030
3635
1125
100
600
3925
3500
3205
3800
0
3675
1425
100
4150
1200
100
3280
25
400
100
100
900
2980
3200
3830
3800
100
0
100
100
3100
1615
2530
3025
3525
3355
100
100
1700
1600
100
4500
25
3500
4400
1250
100
2000
650
1760
3625
0
0
100
100
100
2325
100
100
525
2455
1725
1055
3705
3705
900
100
305
1310
100
2400
1330
100
100
1330
530
1085
100
0
3200
3575
700
3910
2065
3925
300
0
515
500
100
3635
100
3200
2975
100
2950
1980
100
0
925
1130
0
25
1930
400
3700
2000
2305
100
1400
2940
100
1625
100
100
425
100
100
3350
1600
300
0
0
3200
3500
